781 805 813 1194 1844 2370 3133 3291 3787
223 838 1038 1578 2161 2243 2933 3557 4263 4985 5462 5719 6402 6748 6920 7299 7511 7989 8717 9100 9401 10014 10030 10178 10668 11281 11863 12769 13709 14624 15404 15520 15787 16045 16237 16923 17816 18741 19232
365 711 1454 1788 2350 2931 3630 3825 4450 5046 5648 6218 6840 7689 8526 9500 9835 10445 11110 11925 11973
529 1140 1271 1428 2122 2980 3593 3689 4548 4682 5102 5326 5993 6479 7149 7686 7878 8192 8402 9288 10210 11155 12106 12241 12564 12898 13678 13809 14676 15248 15649 16557
670 1108 1695 2692 3328 4226 4455 4699 5161 5252 5266 5357 5396
624 1131 1358 2107 2377 3198 3633 4045 4722
105 602 1392 1820 2517 3307 3904 4724 5673 6211
277 808 942 1083 2050 2746 3506 4395 4573 4985 5972 6694 7248 7580 8059 8991 9910 10241 11091 11520 11992 12491 13131
820 1654 2087 2465 3092 3178 3490 3814 4552 5199
483 1345 2021 2685 2966 3056 3829 4621 5054
